a = [1. 0. 0.]
b = [0. 1. 0.]
q = [0.70710678 0.         0.         0.70710678]
R_q(a) = [2.22044605e-16 1.00000000e+00 0.00000000e+00]
